4.516000, 74
5.516000, 84
5.443000, 82
2.334000, 46
3.692000, 84
6.941000, 81
3.516000, 84
4.147000, 81
4.030000, 49
6.188000, 75
5.625000, 62
5.455000, 84
3.984000, 84
6.075000, 84
5.312000, 84
5.750000, 84
5.902000, 84
6.609000, 84
3.749000, 84
5.676000, 84
5.486000, 84
3.646000, 84
4.090000, 84
10.250000, 84
5.760000, 82
6.181000, 82
8.956000, 81
3.669000, 84
5.777000, 77
8.949000, 80
3.629000, 70
6.013000, 84
7.518000, 84
3.799000, 81
4.133000, 81
3.813000, 84
4.508000, 84
10.041000, 84
3.584000, 84
5.652000, 69
10.969000, 84
5.279000, 83
4.112000, 78
6.211000, 82
3.877000, 81
5.911000, 84
11.156000, 84
3.737000, 84
6.136000, 83
3.738000, 84
4.113000, 84
3.998000, 76
4.520000, 71
3.970000, 64
4.078000, 84
7.035000, 79
5.185000, 84
4.605000, 84
5.548000, 84
4.382000, 80
5.432000, 77
5.805000, 84
4.434000, 81
6.053000, 82
8.991000, 81
3.646000, 77
4.514000, 84
9.556000, 78
3.343000, 74
4.026000, 84
8.711000, 81
8.207000, 84
5.121000, 79
3.159000, 69
6.739000, 84
8.809000, 77
4.186000, 84
3.871000, 80
4.881000, 84
4.291000, 77
4.305000, 81
4.064000, 84
3.969000, 79
2.611000, 33
5.480000, 77
4.127000, 84
3.596000, 78
5.924000, 76
4.324000, 84
3.398000, 84
4.529000, 77
3.976000, 48
23.414000, 84
3.629000, 84
5.601000, 80
7.346000, 83
3.474000, 84
5.648000, 66
7.858000, 82
3.355000, 77
10.280000, 84
3.445000, 84
5.541000, 84
5.556000, 84
8.322000, 84
5.345000, 84
4.475000, 84
5.852000, 84
4.326000, 84
3.919000, 84
4.814000, 84
3.774000, 53
3.967000, 76
4.034000, 84
3.433000, 49
5.132000, 84
5.489000, 84
3.513000, 84
5.600000, 84
4.659000, 84
3.481000, 84
6.065000, 84
6.954000, 83
6.786000, 84
3.526000, 84
5.367000, 84
5.910000, 82
3.668000, 82
5.490000, 77
8.911000, 81
3.668000, 77
6.700000, 84
8.876000, 79
3.527000, 78
4.177000, 84
7.157000, 76
3.642000, 74
4.459000, 79
8.537000, 84
3.557000, 84
4.168000, 84
2.671000, 50
4.588000, 84
10.683000, 84
6.401000, 84
3.961000, 76
8.013000, 84
3.728000, 79
4.395000, 78
8.553000, 84
3.710000, 76
4.190000, 72
6.536000, 76
4.199000, 84
2.330000, 41
5.684000, 82
6.007000, 84
5.004000, 80
5.757000, 83
4.370000, 84
3.606000, 84
6.497000, 81
5.109000, 82
3.800000, 81
4.874000, 82
4.314000, 78
3.752000, 84
5.703000, 84
5.483000, 82
3.841000, 84
5.898000, 84
7.151000, 83
3.601000, 84
5.332000, 83
16.773000, 83
3.656000, 81
4.645000, 74
9.613000, 79
3.837000, 83
4.331000, 80
8.390000, 84
3.492000, 82
4.633000, 84
6.180000, 81
8.960000, 84
9.367000, 84
3.860000, 84
6.127000, 74
5.428000, 84
3.629000, 70
5.942000, 82
4.420000, 82
2.602000, 43
5.712000, 84
4.269000, 79
4.050000, 83
5.461000, 82
5.700000, 81
6.287000, 82
4.313000, 84
3.748000, 76
4.228000, 84
4.339000, 84
3.649000, 80
4.328000, 84
6.249000, 82
3.996000, 84
3.352000, 59
6.410000, 83
3.047000, 39
4.097000, 73
8.447000, 84
3.747000, 81
4.143000, 84
5.739000, 84
3.573000, 84
4.382000, 76
9.971000, 84
5.106000, 83
4.294000, 80
9.504000, 77
3.894000, 80
4.356000, 83
6.561000, 84
5.418000, 84
6.524000, 84
9.143000, 84
5.255000, 80
5.115000, 82
6.886000, 84
3.725000, 74
4.998000, 84
7.770000, 75
3.640000, 75
19.701000, 72
3.677000, 84
5.967000, 84
5.987000, 75
4.121000, 83
4.558000, 84
5.613000, 84
4.534000, 84
4.449000, 84
6.196000, 77
8.532000, 76
2.108000, 34
6.736000, 73
5.840000, 84
5.862000, 83
3.803000, 84
8.507000, 83
9.439000, 76
5.291000, 84
4.419000, 84
4.173000, 71
4.023000, 84
2.632000, 49
6.354000, 84
5.663000, 84
5.042000, 45
6.944000, 80
5.348000, 84
5.669000, 84
5.710000, 70
3.624000, 84
5.779000, 80
4.212000, 79
3.847000, 70
6.092000, 78
5.860000, 84
3.675000, 82
3.950000, 71
4.503000, 84
5.314000, 84
5.671000, 79
8.000000, 84
4.689000, 84
4.067000, 84
4.332000, 84
5.095000, 81
5.553000, 82
5.289000, 79
3.605000, 76
4.866000, 84
4.222000, 80
5.050000, 84
4.514000, 80
3.990000, 73
3.801000, 84
5.860000, 84
9.503000, 84
5.242000, 75
4.182000, 83
6.621000, 84
3.532000, 84
5.689000, 75
5.682000, 83
5.516000, 79
10.495000, 78
3.654000, 84
4.147000, 84
5.910000, 72
3.612000, 70
4.995000, 84
9.727000, 83
3.457000, 84
4.630000, 80
7.132000, 82
3.519000, 84
4.485000, 79
8.807000, 77
3.582000, 84
4.003000, 82
7.422000, 81
4.575000, 78
3.793000, 75
5.954000, 83
13.137000, 75
6.570000, 78
3.690000, 77
6.036000, 81
5.981000, 84
3.773000, 84
4.193000, 84
9.265000, 79
4.758000, 84
3.844000, 70
9.369000, 73
3.457000, 84
5.595000, 84
3.623000, 47
3.757000, 78
3.936000, 83
2.987000, 43
3.568000, 81
3.932000, 74
17.782000, 75
3.927000, 79
2.609000, 41
11.445000, 71
6.395000, 84
5.132000, 77
3.534000, 79
4.411000, 82
10.065000, 84
5.575000, 75
3.504000, 84
5.899000, 84
5.792000, 84
3.687000, 77
5.398000, 75
7.497000, 47
3.675000, 76
4.248000, 76
7.982000, 40
5.821000, 69
8.798000, 74
5.582000, 71
6.103000, 76
4.563000, 42
4.243000, 70
2.494000, 34
3.150000, 52
7.210000, 74
6.017000, 80
6.254000, 62
5.486000, 68
received SIGINT
GUI - Exception!
/home/vasu/opencv/opencv-2.4.10/modules/core/src/matrix.cpp:323: error: (-215) 0 <= roi.x && 0 <= roi.width && roi.x + roi.width <= m.cols && 0 <= roi.y && 0 <= roi.height && roi.y + roi.height <= m.rows in function Mat
Cannot load frame!